7777777777777777777777777777777777777777777
7777777777000000077047777777777777777X87777
77777000000400033000000000000007777777XX777
7770000300033000000030000400033000007777777
7770077777227000407777777000000900007777777
7777777777227770077777777770004340000777777
7777777770007777777777XX7777700000090077777
7777770000030051187777X9X777777703555555777
77703300400000051118777XXX77777755511107777
777040000000330777777777X877777555111177777
7877000003005500000777777777771116111777777
7777700700566500030000077777775161116111777
7888110770055503433090000777777711111117777
7881100040304000300300000300225111161887777
7111003000030003000400040007777511111187777
7700040340300003000300000077777771111111777
7770409003030003000077227777777511161111177
7777700400000400007777227777777551111611777
7007770000000000777030000900777771111111777
7800077722777777770000004300777711611117777
7810000000000777777722770007777711111077777
7110300300000000400000077777777051111077777
7700009000045555551115030007777030577777777
7777700077055111111111150777777777777777777
7777777777777777777777777777777777777777777